start=1.916016
osd-level=3
volume=60.000000
mute=yes
fullscreen=yes
